А. С.	4451, 6961.
Абрамова Е.	66, 2365, 9207, 10842.
Аверин В.	6507.
Агнит.	2880, 3788, 4758, 8707, 9542, 9645.
Агрансиий Г. А.	158.
Адамович А.	3879.
Адамович М.	3858.
Адливанкин С.	56, 65, 775, 1571, 1630, 5197, 9444.
Азнаш.	8484.
Аксельрод М.	599, 3106, 4250, 4373, 6700, 6704, 6710, 8511, 9021, 10691.
Алеко Н.	2191.
Александров А. Н.	3703.
Александрова Т.	2245.
Алексеев Г.	200, 201, 202, 203.
Алексеевская Л.	5075, 5076.
Алфеевский В.	281, 282, 2113, 3780, 8827, 10340.
Альтман Н.	497, 499, 1252, 1526.
Алякринский П. А.	535, 551, 576, 682, 683, 1373, 1582, 1633, 1926, 2074, 2100, 2110, 2359, 2372, 2374, 2379, 2380, 2600, 2853, 2923, 2992, 4086, 4245, 4493, 5002, 5135, 5755, 5778, 5779, 5780, 5781, 5782, 5783, 5784, 5785, 5786, 5787, 5788, 5789, 5790, 5791, 5792, 5793, 6017, 6170, 6241, 6570, 6591, 6934, 7408, 8295, 8304, 8440, 10896, 10963.
Ананов А.	89.
Андерс А.	10522.
Андреев В. И.	5866, 8115, 8127.
Андрианов Н.	417, 418, 419, 420, 421, 422.
Андриолли М.	5079.
Андронов А. Ф.	432, 433, 434, 435, 436, 437, 438, 439, 440, 441, 442, 443, 444, 445, 446, 447, 448, 530, 1673, 2007, 3071, 4071, 5112, 5129, 5179, 5501, 5640, 5677, 5678, 5679, 6687, 6942, 7035, 7043, 7044, 7056, 9896.
Анненков Ю.	1526, 2590, 3134, 10313.
Антипенко В.	923.
Антонов Ф.	2948.
Антоновский Б.	823, 9300, 9894.
Апостоли В. А.	68, 388, 1045, 9199.
Арнгольд З.	7773.
Артамонов В.	4371.
Артемьев В.	20, 734, 1960, 1571, 5664, 6573, 6592, 6677, 8486, 10242.
Аскинази М.	1996.
Астапов И.	6793, 8507.
Астапович З.	10501.
Астафьева Е.	514, 515, 4541, 9618, 10437.
Афанасьев А. Ф.	3155, 3159, 5866.
Афанасьев Н. К.	1648, 9895.
Афанасьев П. С.	458, 6420.
Афанасьева Е.	1517, 3476, 3651, 3973, 4634.
Ахметьев В.	571, 6061, 8335, 10795.
Б. К.	4588.
Б. С.	582.
Бадюль В.	4392.
Бажанов Д. А.	1185, 1186, 1187, 7527.
Байар Э.	5850.
Баксанский Я.	7766.
Барабошина О.	2219, 10100.
Баранов А.	7051.
Баранский А.	670, 1585, 2121, 2202, 2340, 2351, 2364, 3047, 3737, 4031, 4327, 4467, 4837, 4838, 5215, 5801, 6276, 6283, 6578, 6655, 6808, 6809, 8256, 10929.
Бартрам Н. Д.	5952, 7921.
Барутчев А.	9955.
Басманов П.	286, 516, 760, 2184, 3038, 3678, 5059, 6154, 6264.
Баюскин В.	743, 748, 749, 1104, 2208, 3125, 6285, 6340, 8460, 8941, 10906.
Белинович.	3044.
Белкин В. П.	5527, 9367, 9507, 10342, 10357.
Белосельский Г. Я.	2935, 6508.
Белуха Е. Д.	1508, 2261, 2903, 4360, 5440, 5667, 7602, 8716, 8902, 10032, 10485, 10489.
Бельзен Я.	2614, 10069.
Беляьв В.	9925, 9928.
Белянин П.	2679, 3664.
Бем Е. М.	249, 8672.
Беннет.	1606, 1616, 1620, 1621, 1621-а, 1623.
Бенуа А.	3134.
Берг В. Н.	833, 3498.
Березина А.	876.
Берендгоф Б.	884.
Берч. Р.	895.
Бершадский Г. С.	1096, 6867, 9554, 10442.
Бесков Е.	907, 9427.
Бехтеев В.	280, 1359, 1383, 1843, 1939, 2028, 2031, 2134, 2136, 2476, 2914, 2919, 2920, 3010, 3503, 3551, 5341, 5753, 6158, 6833, 6898, 7963, 8111, 8243, 9913, 10055, 10460, 10361, 10636, 10731, 10951.
Бибиков Г.	655, 829, 2088, 3290, 6038.
Бигос С.	2225, 4602, 6887, 7484, 8037, 8197, 8477, 8979.
Бипли.	2040.
Блэк А.	1059, 1060, 1061, 1062, 7951.
Богатов Н.	5692.
Богданова Е.	1430.
Богданович В.	1784.
Боголюбский А. И.	8268.
Божерянов А.	1803.
Боим С.	747-а, 1000, 3548, 4504, 5072, 5663, 6348, 6806, 7523, 7547, 7549, 7867, 8258, 86.38, 10446, 10799.
Бондаренко П.	2866.
Бонн О. (Бонч-Осмоловская О.).	63, 427, 1172, 1173, 1174.
Бордйченко В.	2378, 4443, 5679-а, 6028, 8942.
Борискович В.	7069, 10537.
Бориссв А.	1181, 1182, 3565, 4351, 4361, 5456, 5464, 5870, 8957, 9358, 10413.
Борисов И.	10029.
Борисова М.	10184.
Боровская А.	329, 483, 684, 720, 1192, 2056, 2139, 2516, 2530, 2535, 3049, 4533, 6933, 8172, 8705, 10176, 10954.
Бочков Ф.	1151, 2133, 4955, 7984, 8039, 8947.
Брайтуэлла Л. Р.	10399.
Брансом П.	8698.
Брей А.	605, 2418, 2524, 2613, 3122, 3362, 3454, 3762, 3774, 4030, 4252, 4511, 4536, 5488, 5954, 6369, 6491, 7552, 8091, 8116, 8166, 8900, 9743, 9796, 10199, 10203, 10750.
Бриммер Н.	769, 2072, 2165, 2174, 5294, 7455, 8301, 8574, 8719.
Бродаты Л. Г.	5601.
Брон.	5083, 5085, 5087, 5089, 5090.
Бруни Л. А.	90, 727, 917, 934, 1098, 1101, 1903, 2101-а, 2520, 3104, 3421, 3996, 4361, 5335, 5737, 5887, 5896, 5898, 6626, 7122, 7352, 7646, 7739, 8537, 8904, 9559, 9721, 9727, 9735, 9777, 6889, 10566, 10575, 10907.
Будогосский Э.	866, 1015, 1263, 1593, 3332, 4314, 6960, 7320, 7979, 8242.
Булаковская-Лишова О.	6714.
Буланов Д.	1278, 1279, 1280, 1365, 1366, 1368, 1369, 1438, 2244, 2630, 7678, 7682, 7685, 7686, 8057, 9848, 10034, 10608.
Бургункер Е.	951, 2225, 2424, 2425, 5239, 6234.
Бурмейстер А.	10455.
Бутник С.	9918, 9920.
Буторова М.	1307, 1308.
Бучкин П.	379, 389, 927, 930, 1001, 1025, 1030, 3022, 4482, 9279, 10933.
Буш В.	1317, 1319, 1320, 1321, 1322, 1323, 1325, 1326, 1327, 1328, 5746.
Бушен Д.	6976.
Быков Е.	10502.
Боттен Д.	2810.
В. Н.	4393.
Вакс И.	9.
Валуцкий С.	600, 1077, 2406, 5626, 5643, 7546, 8469.
Вано И.	1408, 1409.
Варич С.	1063, 1189, 1415, 1416, 5541, 6359, 6956.
Васильев А.	5820.
Васильев В.	587, 856, 1035, 1589, 1753, 1772, 2122, 2861, 3188, 3414, 3468, 3479, 3561, 3924, 4022, 4412, 5116, 5124, 5536, 5696, 5880, 5969, 6163, 6788, 7026, 7089, 7778, 7885, 8461, 8928, 8937, 9200, 9273, 10596, 10878.
Васильев Г.	668, 679, 721, 1434, 4466, 8396, 9390, 9651, 10465.
Васницев Ю.	916, 924, 9990.
Ватагин В.	1038, 1237, 1451, 1452, 1453, 1454, 1455, 1456, 1457, 1458, 1459, 1460, 1461, 1462, 1463, 1464, 1465, 1466, 1467, 1468, 1469, 1470, 1471, 1472, 1811, 2091, 2623, 3053, 3057, 3126, 3127, 3615, 4329, 4336, 4340, 4357, 4364, 5568, 5616, 5637, 5666, 5706, 5707, 5736, 5750, 5752, 5947, 5948, 5974, 5984, 6838, 6923, 6978, 7078, 7131, 7132, 7140, 7543, 7548, 7616, 7619, 7624, 7628, 7633, 7642, 7742, 7891, 8114, 8381, 8416, 8579, 8590, 8606, 8725, 8968, 8969, 8972, 9284, 9516, 97£3, 9737, 9816, 10107, 10126, 10605, 10702, 10831, 10916.
Ватагина А.	1473.
Вейгольд Ф.	3929, 3930.
Великанов Ю.	2076.
Великанова Р.	1402, 3039, 6920.
Веретенников В.	124, 750, 4579, 6280.
Веригин М.	4236, 4237, 4238, 4239, 9295.
Вермель В.	1248, 1971, 2057, 3424, 3433, 3630, 4753, 5711, 6373, 6661, 6852, 10573.
Веселовский Е.	4131.
Вестфален Г.	2550, 4313, 6633, 9503.
Виленский Д.	4962.
Вильфарт Г.	9348, 9541.
Вильямс П.	5605, 8208, 8610, 9153, 9797.
Винокуров Б.	9163.
Вирганский Б.	1712, 2120, 3041, 3619.
Вихрева М.	1718.
Вишневецкая С.	84, 1559, 2505, 2542, 3402, 3408, 10805.
Владимиров В.	1444, 1728, 3221, 3260, 3262, 3284, 3303, 4765, 5298, 5314, 5516, 5570, 5576, 10219.
Владимирская А.	5684.
Владимирский Н.	5033.
Власов В.	1418, 7257, 9271.
Волков А.	10029.
Волкова А.	480, 2259, 9067.
Волосдтиков Н. И.	9142.
Волынский О.	1981.
Вольштейн Л.	285, 1483, 1838, 1918, 5074, 5321 9575 9656.
Волянекая Е.	6220, 6837, 7123, 7590, 9812.
Воробьев В.	8120, 8494.
Воронецкий А.	1675, 2944, 7249, 9248, 9250, 9252, 9253, 10926.
Высотский К. С.	8710.
Вышеславцев Н.	3837, 4142, 4146, 6484, 8181, 8445, 8647.
Вялов К.	904, 2360, 6343.
Вячкилев П.	869.
Г. В.	1595.
Г. К.	2767.
Г. Т.	3406.
Галин И.	7852.
Галкин И.	1963.
Гальперин Л.	1743, 7667.
Гамбургер Л.	1318, 1691, 1692, 1693, 1694, 1695, 1696, 1697, 1698, 1699, 1700, 1701, 1702, 1703, 1973, 3088, 3357, 4962, 10578, 10738, 10739, 10740, 10741.
Ганф Ю.	54, 1102, 7537, 9206.
Гассилевский Н.	2087, 7766.
Гвайта В.	3801, 4379.
Гегелло Н.	9294.
Гельмерсен В. В.	8550, 8553, 8556, 8557.
Гембицкая Н.	2044, 7236, 9169, 10550.
Генке М.	697, 1528, 1541, 2068, 2069, 4478, 4490, 7187, 7851, 8344, 9103, 9742, 9751, 9752, 9753, 9755, 9782, 9789.
Генч Л.	6411.
Георгиева Е.	5996.
Герасимов С.	144, 146, 373, 524, 526, 547, 1106, 1524, 1950, 2338, 3440, 3443, 3447, 3449, 3634, 4036, 4564, 4567, 4574, 4839, 4855, 5066, 6249, 6334, 6582, 7003, 7095, 7575, 7582, 7654, 9553, 10245, 10625, 10918, 10921.
Герец М.	1434, 2497, 5325.
Гершов С.	7235, 10514.
Герштейн С.	261, 1088, 3103, 4294.
Гетманский М.	410, 1584, 6846.
Гефель Г.	5971, 6588.
Гиппиус Т. Н.	4014, 8624, 8625, 9352, 9360, 9673, 9674.
Глаголева А.	2159.
Гладун А.	2125, 2126, 5645, 8456.
Гладун-Кирпичев Х.	5260.
Глан В. (Глобус-Глан.).	1088, 2456, 3103, 4294, 4978, 7539, 8253, 10841.
Глебова Т.	1497, 1521, 1912, 2131, 2132, 3160, 3744, 3843, 4069, 5865, 6260, 6073, 7677.
Глинка В.	2144, 2146, 2738, 3566, 5146, 9058, 9655.
Голицын В.	278, 549, 1333, 1333-а, 1338, 1678, 1934, 2478, 2534, 4141, 4492, 5327, 6149, 6349, 5647, 5659, 6347, 8429, 9591, 6872, 6882, 10697, 10700.
Голованов Л.	6152, 8352, 8708.
Головнев З.	3672, 9141.
Головчинер Л.	2197.
Голубчиков Н.	3464.
Гольденберг Л.	2214, 3331, 3847, 4269, 10767.
Гольдман С.	809, 903, 1081-а, 1303, 1657, 1669, 1684, 1809, 1868, 2581, 2585, 2746, 2764, 2780, 2812, 2849, 2950-а, 2964, 3023, 3075, 3082, 3374, 3642, 3655, 3787, 4808, 4S09, 4818, 4826, 4881, 5567, 5991, 5992, 5993, 6629, 7007, 7065, 7417, 7418, 7419, 7428, 7745, 7824, 7838, 7856, 8056, 8236, 8363, 8562, 8653, 8714, 8735, 8861, 8994, 9086, 9445.
Гольц Г. П.	6498, 8159.
Гольштейн Е. М.	2835, 6593, 8558, 9583.
Гольштейн К. М.	217, 218, 219, 223, 245, 264, 3060, 5276, 5279, 5803, 9684.
Гончаров А.	123, 994, 2501, 2527, 3674, 4995, 5337, 6015, 7894, 9215, 9555, 10545.
Горлов Д.	966, 1211, 1513, 2248, 2249, 2250, 2251, 2252, 2966, 3212, 3345, 5597, 6016, 7351, 7356, 8592, 9723, 9730, 10227.
Городецкая Е.	10736.
Городецкий С.	2257, 2258, 2260, 2499.
Горощтнко Г.	4733, 9433.
Гортычская М.	452, 2576, 3517, 5909, 6419, 7025, 10765.
Горшман М.	2116, 2547, 4027, 4373, 4414, 6706, 10576.
Гранавцева М.	2302, 5323, 6717, 9773, 10580.
Гранвиль.	2796.
Гранильщиков А.	7910.
Грезер М.	2610, 2615.
Гри.	1043.
Григольев В.	2370.
Григорьев И.	10674.
Григорьев М.	1256, 5574, 5816.
Григорьева З.	123, 2501.
Гринберг В.	1228, 1986, 9093.
Гринвальд Э.	661.
Гриневская Л.	10106.
Гриффель Л.	10701, 10777.
Громов А.	2427, 2428, 2429, 2430, 2431, 2432, 2433, 2434, 2435, 2436.
Громницкий М.	8248.
Гросс Г.	6507.
Грушевская Т.	7639.
Губин В.	834, 838, 5398, 8125, 9567.
Гугунава Г.	1581.
Гужавин М.	2470, 4961.
Гурвич Э.	531, 6470.
Гуревич М.	6968, 8387, 9613, 9942, 10195.
Гурьев И.	2557.
Гусятинский А.	2335, 6405, 9072, 10079.
Дан О’Коннор.	656.
Девяткин С.	2643.
Дегтерев Б. А.	9523.
Дейнека А.	500, 693, 1732, 2651, 2653, 4378, 4869, 4985, 4988, 5115, 6676, 9619, 10594, 10670.
Дейнеко О.	2655, 2657, 2659, 2661, 9097, 9464, 9465, 9466.
Демкин А.	2682.
Дени.	5324.
Денисов В. Н.	291, 295, 1288, 1414, 2691, 2692, 2693, 2694, 2695, 2696, 2697, 2698, 2699, 2700, 2701, 2702, 2703, 2704, 2705, 2706, 2707, 2708, 2709, 2710, 2711, 2712, 2713, 2714, 2715, 2716, 2718, 2941, 5204, 6473, 7029, 7030, 7047.
Денисовский Н.	2266, 2558, 2719, 2720, 8879, 9191.
Дехтерев А.	9342.
Джемс В.	2814.
Дик.	492.
Дин Г.	718, 2859, 2879, 2881, 2882, 2883, 4415, 4841, 9261, 9647, 9715, 9733, 9734, 9736, 9764, 9768, 9769, 10735.
Дмитриев И.	149, 8254.
Добров М. А.	1731, 6929, 8936, 9839.
Добровольский В.	64.
Доброклонский В.	1108, 1337, 1345, 1586, 1932, 3886, 4537, 4545.
Доброковский М. В.	4625, 5537, 7541, 9886.
Добросердов М.	3670, 9852, 10898.
Добужинский М.	1653, 3134, 5988, 6984, 10285.
Долинская-Тюлина Н.	8950.
Дормидонтов Н.	7660.
Дорогое М.	6234.
Дорохов К.	3851, 6234.
Дорфман Е.	3218, 6139, 6142, 9217, 9220.
Дорэ Г.	7378, 7380, 7986, 7988, 8531, 8535, 8536.
Драуле Д.	377, 380, 395, 6829, 6943.
Дубасов И.	10235.
Дубровский Л.	377, 380, 7379, 9248-а, 9249, 9251.
Дутов Н.	5623.
Дэвис.	5794.
Е. К.	678.
Евгеньев Л.	3101.
Евстафьев М.	369.
Евсюкова.	8946.
Едельский М.	9388.
Езучевский М.	2091, 3126, 3127, 6949, 8968, 8969, 8972, 10831.
Елисеев К.	50, 71, 3426, 4232.
Елисеевнин А.	195, 3133.
Ермолаев А.	1676, 1949, 1988, 2195, 3671, 4517, 10832.
Еркголаев Б.	6775, 7600, 10403.
Ермолаева В.	498, 509, 1478, 1489, 1496, 1500, 1526, 1529, 1536, 3042, 3146, 3147, 3149, 3150, 3151, 3153, 3231, 3248, 3259, 3338, 3398, 3803, 3842, 4010, 4971, 4972, 4975, 4979, 4984, 4986, 4988-а, 4990, 4992, 4996, 5001, 5003, 6259, 6680, 7405, 8346, 9982, 10494, 10513, 10843, 10844.
Ермоленко Б.	3164, 3860, 4435, 4481, 5027, 6319, 7791, 8328, 8690, 9411, 9649, 9722.
Ермолов П.	2223.
Ефимов А.	393, 969, 1046, 3165, 3166, 3168, 3863, 7929, 9876, 10511, 10590.
Ефимов И. С.	692, 3174, 3376, 3377, 3667, 4489, 4817, 6378, 6577, 7115, 7121, 8212, 8213, 8643, 9377, 9652, 9745, 9780, 10835.
Ефимова А.	7668, 7674.
Ечеистов Г.	123, 511, 664, 724, 932, 928, 948, 1009, 1026, 1031, 1541, 2300, 2501, 2918, 3179, 3180, 3181, 3674, 3838, 4426, 5701, 5953, 6302, 6413, 7245, 7535, 7538, 8327, 10604.
Жаба А.	52, 10045, 10642.
Жак Е.	355, 1810.
Жилин П.	9302.
Житинев.	4914.
Житков Б.	3242.
Жолткевич Л.	523, 1191, 2519, 2667, 3118, 3311, 4484, 7058, 7424, 9171, 9416, 9749, 10567, 10912.
Жуков А.	3465, 9429.
Жуковский В.	3322.
Жуковский Е.	428, 4630, 6830, 10036.
Журавлев А.	6425.
З. Р.	3079.
Заболотский П.	3085, 4827, 8646.
Зайцев М.	3396.
Закржевская С.	1822, 2575, 5036, 5062, 7814, 8290, 8357, 8704.
Замирайло В.	2279, 2421, 2809, 3134, 3742, 3743, 3745, 3746, 7621, 8219, 9365, 10024.
Зарубин В.	73, 797, 800, 804, 2549, 3850, 10043.
Звонарева Т.	1166-а, 8170.
Зворыкин Б.	1801.
Зданевич К.	6172.
Зевин Л.	1147, 4016, 5323, 8420.
Земенков Б.	1759, 1760, 1761, 1762, 7765.
Зенкевич Б.	2872, 2873, 5613.
Зенькович В.	189, 8298.
Зернова Е.	773, 2233, 3032, 3519, 6632, 8321, 9406.
Зефиров К.	3094, 8171.
Золотов К.	1578, 2678, 3105, 3714, 4074, 4075, 4077, 4078, 4422, 5278, 6239, 6637, 6713, 6740, 9819.
Золотов С.	3684, 3686, 6271.
Зубарев С.	3717, 3845, 4374, 4601.
Зубов А.	1411, 1563, 1570, 3722, 3723, 3724, 3725, 3726, 3727, 5481, 8635.
Зусман Л.	1147.
Иваненко Е. И.	777, 3733, 3734, 3735, 3736, 9807.
Иванов Е.	1331, 4147, 5913, 5930, 6286.
Иванов М.	2616, 3404.
Иванов-Радкевич.	10924.
Иванова А.	8874, 9057.
Иванова В. И.	115, 673, 984, 2058, 2107, 2327, 2626, 3629, 3639, 3666, 3750, 3751, 3752, 4514, 5139, 6059, 6168, 6983, 7284, 7392, 8334, 8830, 9194, 9196, 10427, 10555, 10793.
Иванова Е.	2082, 2361.
Иващинцева М.	338, 362, 2736, 2923, 3411, 3636, 3960, 4411, 5717, 7426, 7771, 7811, 8952, 8953, 10428.
Игнатьев Л.	3782, 3783, 8734, 9398, 9405.
Игумнов А.	9613, 9942.
Ижевская М. Г.	1798.
Изенберг В.	5987.
Изнар Н.	207, 2576, 3412, 3796, 8825, 9368.
Ильинский Н.	8701.
Иноземцев Б.	3869, 3870, 3871, 3872, 3873, 10490-а.
Интезаров.	5138.
Иогансон Б.	197, 1896, 3962, 4749, 5672, 6022, 6488, 6636, 6639, 6644, 6647, 6653, 7048, 7416-а, 9577, 9578.
Ионг Э.	1358.
Исаева В.	8963.
Исаков С.	3922.
Истомин К.	9070.
К. Т.	3407.
Каабак В.	322, 370, 3934, 5264.
Казначеев Д.	3964, 3965, 3966, 6701, 9051.
Калиниченко А.	10451.
Калмыков В.	7136, 7846, 8421.
Канинская М.	4828.
Каплун А.	1805.
Каплуновский.	9384.
Капустин Л.	4798.
Капцов Б. И.	545, 10022.
Карабанова.	4281.
Каран д‘Аш.	4462, 4463, 4464, 4466.
Кардовский Д.	2328, 6729, 7900, 9515, 9843, 10237.
Карпов И.	9236.
Карпов П.	5758.
Каррик В.	4149, 4151, 4152, 4153, 4155, 4156, 4158, 4160, 4162, 4164, 4165, 4168, 4170, 4172, 4174, 4177, 4179, 4182, 4184, 4185, 4186, 4189, 4191, 4193, 4195, 4197, 4199, 4202, 4204, 4205, 4207, 4208, 4210, 4212, 4214, 4216, 4218, 4220, 4222, 4224, 4226, 4227, 4229.
Качура Н.	7874, 7876.
Кашина Н. (Кашина-Памятных, Памятных.).	108, 604, 2282, 3202, 4289, 6153, 6310, 7148, 7151, 7153, 7285, 8165, 9431, 9557, 9793, 10433, 10808.
Квятковский Л.	7793, 10470, 10473.
Кизевальтер В.	783, 3892, 4316, 4861, 6709, 10099, 10964.
Кияюшева Е. Ф.	1972, 7601.
Киплинг Р.	4332.
Кирпичев П.	4410, 8456, 10872.
Кисилев В.	1592, 6659, 10224.
Кисиль И.	85, 9077, 9763, 10569.
Кичигин П.	83.
Кишкин К.	6395, 8410.
Клевер О.	5155-а.
Клементьева К.	2076.
Клуцис Г.	2255.
Клячко А. С.	5423, 8958.
Кобелев В.	22, 1232, 3131, 3719, 5454, 5455, 5456, 5459, 5462, 5467, 6963, 7648, 9041, 9043, 10025.
Кобринец Ф.	4471.
Ковальциг В.	2111, 3559.
Кович Б.	1367.
Коган Н.	997, 4520; 4521, 4522, 4523, 4524, 5452.
Кодак А.	1990.
Козлова К.	44, 686, 2390, 2441, 3919, 4445, 5005, 6597, 7697, 7727, 7767, 7779, 8694, 8954, 9172, 10426, 10749.
Козловский В.	82, 883, 1145, 2732, 2867, 4266, 4401, 4501, 8324, 9386, 9759, 10962.
Колокольников В.	3670.
Кольвиц Кете.	2009.
Комар Г. Я.	3081.
Комаров А.	97, 361, 366, 841, 1039, 1041, 1212, 1298, 1580, 1769, 1792, 1920, 2532, 2544, 2638, 2901, 2905, 3046, 3064, 3093, 3192, 3194, 3351, 3373, 3571, 3605, 3608, 3624, 3631, 3668, 3754, 4012, 4483, 4643, 4646, 4649, 4651, 4653, 4655, 4658, 4660, 4663, 4665, 4666, 4669, 4670, 4671, 4673, 4675, 4676, 4677, 4678, 4680, 4681, 4684, 4687, 4689, 4693, 4696, 4697, 4699, 4700, 4701, 4702, 4703, 4742, 4793, 4922, 4956, 4957, 4961, 5105, 5120, 5121, 5126, 5179-а, 5200, 5275, 5472, 5485, 5614, 5639, 5671, 5705, 5709, 5724, 5802, 5874, 5888, 5893, 5907, 5909, 5920, 5924, 5929, 5940, 5943, 5949, 5997, 6019, 6530, 6567, 6685, 6691, 6694, 6730, 7060, 7141, 7416, 7788, 7807, 7828, 7869, 8073, 8083, 8099, 8107, 8380, 8409, 8505, 8518, 8686, 8856, 9024, 9122, 9264, 9474, 9658, 9665, 9678, 9682, 9689, 9689-а, 9690, 9691, 9692, 9695, 9697, 9701, 9709, 9706, 9708, 9700, 9711, 9817, 10044, 10077, 10228, 10229, 10236, 10238, 10526, 10666, 10689.
Конашевич В.	121 ,646, 648, 663, 691, 1005, 1190, 1480, 1560, 1568, 1579, 1640, 2167, 2523, 2577, 2672, 3158, 3400, 4485, 4708, 4709, 4710, 6039, 6053, 6067, 6069, 6081, 6082, 6086, 6103, 6107 , 6108 , 6111, 6195, 6210, 6315, 6370, 6400, 6461, 6464, 6501, 7090, 7149, 7593, 7917, 7922, 8292, 9036, 9508, 9509, 9571, 9952, 9983, 9984, 10023, 10231, 10284, 10290, 10299, 10302, 10310, 10332, 10334, 10341, 10346, 10359, 10370, 10392, 10394, 10398, 10408, 10486, 10500, 10503, 10529, 10810, 10812, 10815.
Кондаков Н.	10527.
Кондиайн З.	4711, 4712, 4713, 3714, 4715, 4716, 4717, 4718, 4719, 4730, 4721, 4722, 4723, 4724.
Кондратов Ф.	504, 2109, 4257, 5238, 7728, 8193, 9202, 9211, 9713, 9741, 9767.
Кондратьев П.	873, 1399, 3879, 7978, 7995, 9574.
Коневка П.	4726.
Каневский А.	485, 1822, 2103, 4279, 4638, 9110.
Коннель Р. О.	8663.
Конончук С.	2863, 4402, 4872-а.
Константинов В.	7649, 9887, 10686.
Контарович Л.	6774.
Корвин Ю.	8918.
Корнеев Ф.	1865.
Корняков Ю.	1928, 5072, 9149.
Коробов Н.	781, 2081.
Королев К.	3184.
Коротким А.	138, 10101, 10098.
Коротнова Н.	2462.
Коршиков.	90.
Коса.	297, 3753, 4802, 4803.
Коссак Д.	6377.
Костин С.	5761, 6394.
Костров Н.	6426.
Котляров.	4820, 4821.
Котов Н.	2475, 2985, 4035, 4109, 6782, 8291, 10624.
Кочергин Н.	9247, 9552, 10934.
Кравцов А.	1316, 5502, 6814, 9880.
Кравченко А.	2286, 3346, 4781, 4785, 6422, 6722, 10632.
Кравченко Н.	2438, 5224.
Крейцер Б.	9955.
Кремер.	5575.
Креминский.	9922.
Кремнев А.	4419.
Кривинская Е.	1863, 6712.
Криммер Э.	398, 506, 803, 1744, 2778, 3132, 4348, 4361, 4915, 4916, 4917, 4918, 4919, 5044, 5456, 5461, 5773, 5845, 6043, 7683, 7687, 9991.
Критская Л.	525.
Кронберг Б.	3880.
Кругликова Е.	846, 2690, 3208, 3514, 4933, 6587, 8938, 9301, 9394, 10187.
Крукзенко Г.	2847, 2850.
Кршиновская Т.	2185.
Крылова А.	1800, 4836, 7161.
Крюков Б.	700, 705, 882, 1845, 1862, 1864, 1867, 2150, 2152, 2874, 2875, 3176, 4487, 4499, 4502, 4504, 4831, 5016, 5017, 5018, 5019, 5020, 5021, 5022, 5202, 5999, 7737, 7790, 8313, 9267, 9268, 9714, 9740, 9762, 9765, 9783, 10035, 10169, 10197.
Нрюнов Н.	2045, 3475.
Кузанян П.	8198.
Кузнецов К.	13, 14, 106, 136, 474, 699, 728, 950, 1034, 1078, 1565, 1832, 2026, 2098, 2148, 2285, 2344, 2375, 2376, 2377, 3579, 3613, 3702, 4038, 4430, 4509, 4563, 4622, 5203, 5475, 5480, 5484, 6040, 6193, 6194, 6196, 6197, 6198, 6199, 6202, 6206, 6211, 6216, 6217, 6218, 6338, 6393, 6493, 6853, 6919, 7062, 7344, 7614, 7770, 7777, 8093, 8101, 8438, 9415, 9776, 9795, 1016, 10659, 10911, 10920, 10922.
Кукрыниксы.	204, 785, 1837, 2112, 2301, 2371, 2563, 4254, 4256, 7708, 9614.
Кулага.	5064.
Кулешов И.	2025, 3781, 4633, 4634, 5068, 5069, 10060.
Куликов А.	619, 906, 2922, 3618, 6213, 6215, 9189, 9653, 9761, 9772.
Купреянов Н.	69, 412, 473, 554, 723, 1109, 2016, 2624, 3189, 3270, 3410, 3763, 4488, 4495, 4497, 4965, 5099, 5103, 5439, 6171, 6721, 7242, 7247, 7282, 7288, 7640, 8512, 8910, 9726, 9748, 10640.
Куприянова С. А.	7794, 10431.
Курбатов.	4732.
Курдов В.	913, 921, 1004, 1485, 3043, 5132, 5465, 8105, 9888, 10915.
Курдюмов.	3325, 7920.
Кустодиев Б.	2622, 2790, 5141, 5142, 5436, 5445, 5524, 5980, 6099, 6113, 7138, 7144, 7154, 7898-а, 7907.
Кутателадзе А.	5143, 7655, 7691.
Кутателадзе Д.	5144.
Лагунов А.	4033, 9969.
Ладыгин С. П.	1073, 2485.
Ланцетти В.	8325, 9616.
Лаптев А.	11, 556, 702, 993, 998, 1110, 1690, 1882, 2105, 2348, 2508, 3405, 3469, 3516, 3563, 4011, 4376, 4475, 5208, 6174, 8203, 9162, 9716, 9822, 10008, 10422, 10425.
Лапшин Н.	489, 708, 912, 1123, 1376, 1432, 2182, 2442, 2618, 2620, 3224, 3716, 3802, 3805, 3809, 3812, 3813, 3820, 3824, 3826, 3827, 3846, 5060, 5209, 5322, 5739, 5989, 6263, 6972, 7291, 7296, 7334, 7658, 7671, 8310, 8684, 9271, 9322, 9354, 9370, 9387, 9884, 10406, 10453, 10490, 10502.
Лаховский А.	5236, 5237, 10331, 10397.
Лебедев Б.	3134.
Лебедев В. В.	867, 3134, 3564, 3692, 4361, 4366, 5265, 5266, 5267, 6269, .5270, 5319, 6037, 6056, 6074, 6075, 6101, 6109, 6114, 6120, 6124, 6128, 6132, 6137, 6180, 9453.
Лебедев Вс.	9307.
Лебедев И.	3142, 3448, 8896.
Лебедев К. В.	1667, 7077.
Лебедева Т. (Лебедева-Маврина, Маврина.).	281, 282, 698, 1257, 1431, 2113, 3771, 3780, 4637, 5147, 5149, 6027, 6035, 6167, 7531, 7544, 7635, 7650, 7653, 8061, 8341, 8827, 8828, 9330, 9610, 10013, 10648, 10800.
Левин А.	3427, 6156, 6402.
Левин Г.	4852, 9291, 10581.
Левин И.	3135, 4243.
Левицкий З. И.	9018.
Лейферт.	8864.
Леман Н.	88, 774, 3314, 3352, 3353, 4416, 4431, 6021, 6844, 6845, 7786, 8674, 9914, 10167, 10599, 10600.
Лемар Т.	1449, 5342, 10172.
Либаков М.	308, 1194, 2187, 3627, 6208.
Линг-Джу-Танг.	8186.
Линблад К.	6237.
Липгарт В.	1213, 3184, 5872.
Лисснер Э.	1413, 3677, 6528, 9430, 10848.
Литвдк М.	10183
Литвиненко П. Е.	5806, 5807, 5866.
Литко В. Е.	6771.
Лишенко Д.	5591, 5592, 5593.
Лобанов С.	6296.
Логинов В.	6366.
Ложкин А.	2574, 3428, 3933-а.
Лопухин А.	5155, 6505, 7780.
Лофтинг Г.	5668.
Лузгин П.	10897.
Луйн Э.	830, 1738, 1745, 4406, 10935.
Лукина.	874, 9380.
Лунин И.	7652.
Львов Е.	1440, 2226, 2940, 7031, 7039, 7053, 7054, 8244.
Львов П. И.	1947, 8395.
Львовский Н.	6650.
Любавина Н.	1526, 8901.
Любимов А.	4928, 9062.
Люшин В.	5745.
М. Д.	4381, 4382.
Магницкая Л.	5757, 5760.
Мазель И.	5768, 5769, 5770, 5771, 579.
Мазель Р.	1100, 2319, 4326, 4528.
Майкин В.	3354, 4900, 5560.
Макаров А.	7882, 8502, 9627.
Маклецов С. Н.	2296.
Маковский А.	2280.
Малаев Ф.	2462.
Малаховский.	505.
Малашенко Е.	5827.
Малеина Е.	10283.
Малинин В.	6496.
Малиновский А.	5849, 6500, 6781, 8110, 10974.
Малкин Б.	8706, 9540.
Малкина-Фонвизина Н.	1905.
Малушин А.	1314, 3471, 10628.
Мальков.	1386, 3611, 3626.
Мальт С.	48, 2038, 5861, 6831.
Малютин И.	45, 61, 1516, 9882, 10688.
Малютин С. В.	94, 8217, 8224.
Малютина О. С.	8217, 8224.
Мамай В.	10909.
Мансуров П.	2075.
Мануйлов А.	1727, 2982, 2986, 3207, 3403, 3595, 5531, 5612, 5897, 5934, 5938, 6421, 6590, 8620, 10471.
Маторин М.	3473.
Машкин М. Г.	7769.
Машкова Н.	1730, 2683, 3096, 5723, 7024, 7415, 8245, 8932, 9270, 9311, 9899, 10271, 10468, 10902.
Медведева З.	4040.
Мезерницкий Ю.	1287.
Мей В.	1420.
Мейер Г.	1618.
Мель В.	321, 5862, 6620, 7831, 8655, 9457.
Мельников Д. И.	1880, 3603, 4115, 4476, 4503, 4510, 4884, 6347, 63S4, 8392.
Мельникова Е.	6253, 6341.
Меньшуткин С.	7239.
Мертэ А.	1841.
Милашевский В.	76, 529, 1105, 1112, 1137, 2391, 2917, 3054, 3644, 3545, 3550, 3556, 3640, 3910, 3920, 4526, 4542, 4539, 5120, 5211, 5710, 5904, 6006, 6432, 6740, 7108, 7432, 7528, 9084, 9190, 9560, 9666, 9929, 10178, 10786.
Милеева Л.	695, 2183, 4833, 5824, 6304, 9054, 9158, 9159, 10037, 10211, 10834.
Милиотти В.	239.
Минкина В.	2769, 4641, 5561, 6561, 8715, 10016.
Миролюбэва А.	10591
Мирский Б.	5591, 5592, 5593.
Митрохин Д.	2181, 2561, 2836, 3323, 6065, 6454, 7243, 7861, 9976, 10217, 10351, 10352,, 10356, 10385, 10647.
Митурич П.	922, 963, 990, 1490, 1757, 1871, 4028, 4407, 4480, 4491, 6807, 7272, 8666, 10068, 10627.
Михайлов М.	4934.
Михайлов С.	2457, 10505.
Михайловский А. Н.	5729.
Михаэлис М.	105, 134, 324, 680, 707, 741, 748-а, 1575, 1783, 1994, 2104, 2398, 2452, 2506, 2909, 3213, 3480, 3493, 3659, 4494, 4500, 4505, 5939, 6305, 6375, 6376, 6423, 6575, 6642, 7093, 7105, 7116, 7553, 8447, 8603, 9209, 9341, 10272.
Могилевский А. П.	565, 635, 726, 1574, 1577, 1587, 1588, 1747, 2055 , 3329, 5220, 5339, 6205, 6383, 6384, 7701, 7244, 7805, 8161, 8176, 9143, 9462, 9612, 9791, 9883, 10727, 10728, 10729, 10730.
Моравов В.	1667.
Моргунов А.	7041.
Мордвинов И. П.	6408, 6409.
Морозов А.	75, 5216, 7077, 7087.
Морозов-Лас.	4474.
Морозова В.	755, 5234.
Морозова Е.	918, 970, 995, 1004, 1023, 5809, 5810, 8541.
Морозова М.	8362.
Москалев И. М.	1602.
Москалева Т.	2633, 4872, 6980, 9346, 10267.
Мочалов С.	1115, 1310, 3251, 4136, 4600, 7922, 8301, 8306, 8347, 9544, 9545.
МощевитинД.	1142, 1150, 1557, 1572, 1576, 1919, 2482, 2899, 2902, 2908, 4246, 4380, 5277, 5479, 5482, 5642, 5695, 5763, 6684, 6689, 6708, 7142, 7596, 7839, 8542, 8737, 9188, 9679, 10206, 10511, 10592, 10603.
М-р М.	5741.
Мрочковский И.	77, 107, 139, 671, 2267, 2334, 3460, 3466, 3599, 3625, 3628, 3638, 3651, 3875, 4026, 4433, 4538, 4551, 4562, 4570, 4725, 4865, 4921, 5532, 5534, 6275, 6282, 6460, 6462, 6569, 6579, 6598, 6888, 7137, 8031, 8526, 8798, 9332, 9389, 10254, 10429.
Муцельмахер М.	423, 3361, 3657, 10031.
Мюллер В.	8652.
Нагорская Н.	4952, 4970, 6525, 7887.
Налетов А.	893, 3760, 5466, 6225, 8047, 8404.
Невежин Ф.	2464.
Невилль.	1604, 1606.
Недбайло М.	2507, 3202, 4130, 6153, 8456.
Непомнящий И.	7429.
Неручев А. В.	3691, 4581, 4589, 6227, 9038, 9260.
Нечаев Б.	2552.
Никитин С.	1804.
Никифоров Б.	7217, 7220.
Николаев А.	6811, 6812.
Никонов И. Ф.	10977.
Никонов Н.	6365, 9962.
Никулин.	8226, 8227.
Нисский Г.	690, 1335, 1935, 2385, 4248, 5629, 6490, 6874, 7251, 9033, 10467.
Новиков А.	1400, 4840, 9223.
Новиков П.	6857, 6858, 6859, 6860, 6861 8241.
Носов А.	820, 821, 3553, 7710.
Оболенская Ю.	6031.
Ованесов А.	5056, 5057, 7527, 8433, 10200, 10439, 10927.
Олдин Сесиль.	6044, 6958, 10790.
Оленин Е.	1555, 5854, 7698.
Оленина Н.	8682.
Орлов В.	479, 2298, 2943, 3627, 3633.
Орлов Г.	7556.
Ярлов К.	1354, 2999-а.
Орлова М.	7922, 9349, 9363, 9544, 10221.
Орловский Е.	4352, 9946.
ОС.	3650.
Осипов А.	9472.
Осолодков П.	4731.
Остапов И.	3211.
Павлинов П.	3304, 3901, 4769, 5440, 6848, 6875, 6879, 7102, 7799, 8617, 9201, 9205, 10459, 10833.
Павлов Н, А.	7800.
Павлов С.	1124, 8050.
Пайн Е.	7160.
Памфилов В.	5026.
Панов.	2036-а, 3044.
Парамонов П.	2871.
Пастухов П.	49, 1985, 2546, 3123, 3477, 5931, 6102, 6214, 6841, 7103, 9719, 9750, 9788, 10611.
Патракеев Ф.	5063, 9042, 9046.
Пахомов А.	1062-а, 2188, 2473, 3938, 4331, 4361, 4535, 4937, 4938, 6070, 6071, 6662, 6969, 7253, 9246, 9324, 9366, 10216, 10487, 10495, 10498.
Пахомова.	8864.
Пашкевич М.	59, 385, 1196, 1742, 1938, 2186, 3238, 3848, 4473, 5704, 6321, 6360, 7254 7255, 7595, 7608, 9287, 9296, 9303, 9878, 9954, 10565, 10694.
Пашков Г.	9078.
Пащенко М.	400, 7262, 7266, 7267.
Певзнер Т.	7269, 10504, 10507.
Пелецкий Н.	4534, 4883.
Перов В.	7875.
Перовская Ю.	7349, 9973.
Пестун-Дибровский А.	2832, 7393, 7394, 7395, 7396, 7397, 7398.
Петри А.	7399, 7400, 7401, 7402, 7403, 7404.
Петров А.	1594, 3616, 3713, 5483.
Петров Г.	1426, 4287, 4799, 8309, 10509.
Петров-Водкин К. С.	767, 4582, 6057, 8860, 9771.
Петрова А.	1531, 2545, 3031, 3510, 4618, 6718, 7128, 7409, 7410, 7632, 8340, 9448, 9786, 9798, 10602.
Петрова Н.	9369, 10486 а.
Пивоварский М.	7431.
Пиков М.	2029, 4271, 4444, 6457, 6930.
Пименов Ю.	6018, 6743, 8103, 9738, 9784
Пискарев Л.	7341, 10017, 10583.
Пичугин Д.	8474, 8528.
Пичугин И.	740, 842, 844, 6497.
Пластов А.	1143, 2043, 3499, 3502, 6568, 6683, 7112, 7113, 8548, 8970, 9579, 10419, 10548, 10556.
Платунова А. Г.	1433, 3518, 9150.
Плесковская М.	2151, 4830, 7789, 10582.
Плещинский И.	9479, 9480.
Подкаминер Л.	1822.
Покаржевский П.	1946, 4554.
Покровская Т.	1261, 2014, 4281, 4631, 10626.
Покровский Б.	355, 359, 662, 676, 685, 701, 704, 713, 1081, 1238, 1561, 1795, 2071, 2395, 2503, 2510, 2515, 2754, 2927, 2928, 2979, 3206, 3214, 3363, 3520, 3572, 3588, 3606, 3609, 3621, 3658, 4076, 4795, 5007, 5331, 5360, 5362, 6177, 6303, 6311, 6314, 7064, 7091, 7118, 76.69, 7726, 7729, 7730, 8723, 9160, 9197, 9198, 9717, 9732, 10589, 10595, 10813.
Покровский М.	3546.
Полевой С.	7080.
Поленова Е.	808.
Полищук Ф.	93, 143, 580, 1301, 1733, 3508, 4508, 4739, 4926, 6301, 6702, 6719, 8026, 8338, 8515, 8956, 9760, 10457, 10692.
Половинкин А.	7657.
Полозов Н.	3335, 5458, 7260.
Поль-Гри.	7694.
Поляков М.	1475, 4138, 4706, 5538, 8158.
Попов Б.	3134.
Попов Е.	2349, 3452, 8529, 8678.
Попов Н.	2868, 2876, 3121, 3358, 4832, 5182, 7712, 9385, 10198, 10671, 10672.
Попова Л.	1530, 1531, 2514, 5878, 6165, 6738, 6987, 7150, 7217, 7220, 7715, 7716, 7717, 7718, 8082, 8200, 8326, 8330, 8962, 9167, 9391, 9725, 10798, 10817.
Порэт А.	1482, 1488, 6259-а, 6796, 7234, 7236-я, 7406, 7720, 7721, 7722, 8685.
Постников В.	9621.
Правосудович Т.	2042, 2593, 4264, 9992.
Пресняков В.	889.
Прокофьев В.	6501, 8179.
Прохоров Н.	1401, 3718, 3720, 5119, 5470, 8299
Пруссов С.	884, 1822, 8048, 9882.
Пруцкий А.	5061.
Пуни М.	3134.
Пургольд М.	431, 2201, 4262, 7066, 7067, 8382
Пустовойт Г. М.	2878, 6452.
Пушкина Е.	5144.
Пчельникова О.	1499, 3037.
Пшеничников В.	2206, 6862.
Рабичев И.	5000, 5004.
Радаков А.	376, 399, 1911, 3134, 4465, 6577, 6992, 7661, 7859, 7860, 7938, 10488.
Радлов Н. З.	9235, 10391.
Раевская В.	3040, 7955, 7956, 7957.
Разулевич М.	1910, 3800, 3816, 3817, 5455, 5805, 6236, 7666, 9317, 10404, 10409.
Райская М.	2442, 2459, 2904, 4315.
Ранков М.	7983.
Рахманин С.	55, 943, 944, 975, 1008, 3758, 5043, 5571, 5572, 5579, 5580, 5581, 5582, 5584, 5822, 7999, 8002, 8004, 8011, 8013, 8014, 8015, 8017, 8018, 8479, 9052, 10386.
Рахманина М. (Шаталова, Шаталова-Рахманина.).	975, 982, 1999, 8008, 8016, 8020, 10456, 10975.
Рачев Е.	1764, 1846, 1861, 2862, 2865, 4400, 4428, 4436, 6946, 8022, 8023, 10577, 10669.
Ребикова Е.	3381, 5145, 9811.
Редлих Е.	2096.
Рейдеместер В.	3097.
Рейнольдс.	8100.
Рейх М. В.	8048-а.
Рейхлин М.	8049.
Ре-Ми.	399, 10309, 10343.
Ремингтон.	5608.
Репин И. Е.	3134.
Рерберг И. Ф.	763, 764, 779, 1638, 2024, 2032, 2490, 3312, 4506, 4518, 5594, 6558, 8576, 8804, 9173, 9828, 10563.
Ржевников А.	3849.
Ридигер Б.	2035.
Ритын Ю.	9646.
Риу.	1603, 1604, 1605, 1607, 1610, 1614, 1619, 1622, 1624, 1625, 1635.
Рихтер А.	1841.
Рихтер Б.	8081.
Робинсон В.	342.
Рогачев Н.	1870, 2642, 3496, 7273.
Рогинская А.	472, 3119, 3770, 6581, 7158, 7542, 8007, 8095, 8354, 9758, 10809.
Родионов М.	117, 141, 259, 1551, 2279, 2983, 3898, 4557, 4829, 5218, 5228, 5533, 8459, 8927, 9392, 9521, 9526, 9963, 9966, 9968, 10247.
Родова Е.	7983.
Рождественская Т.	2325.
Ройтман.	9919.
Ром.	4079.
Романов А.	3090, 3092, 3099, 6336, 6337.
Романовский Б.	2612.
Ромоданов А.	1289-а.
Ромодановская А.	880, 2454, 7638.
Роскин В.	2291, 8455.
Российская.	8329.
Росский Ю.	2417.
Ростовцев А.	7009, 7010 7012, 7013.
Ротов К.	71, 355, 568, 2502, 2548, 3590, 3598, 3620, 3635, 5058, 5263, 5289, 5290, 6487, 7340, 8673, 8664, 9699.
Рош В.	2033.
Рошковский М.	9923.
Рублева.	7757.
Рудаков К.	39, 62, 394, 828, 868, 1056, 1799, 2650, 3840, 4858, 5313, 5738, 6148, 6769, 7258, 8098, 8716, 9293, 9299, 10306, 10353, 10358, 10371, 10485, 10489, 10508.
Рудякова С.	8207.
Румянцев Б.	4441.
Рыбников А.	130, 7913, 9144, 10719.
С. Г.	5565.
С. Я.	2158.
Сайчук В.	6890, 7346, 8092, 8702, 9538, 9539, 9898, 10804.
Самониш-Судковская Е.	4615, 4617.
Самохвалов А.	502, 977, 2869, 3264, 3286, 4291, 5698, 7049, 7809, 7810, 8364, 8366, 8367, 8368, 8370, 8371, 8372, 8374, 8375, 9210, 9449, 9775, 10585, 10614.
Сапожников А.	4983, 8055, 8464, 8671.
Саско М.	946.
Сафонова Е.	1498, 3728, 5047, 5170, 5354, 5883, 6992, 8021, 8389, 8390, 8391, 9546, 9985.
Сафронова А.	1214, 1566.
Сахаров Н.	4624.
Сашин А.	8399
Сварог В.	375, 960, 986, 1334, 1796, 2458, 3888, 5361, 7045, 7139, 7664, 8040, 9028, 10006, 10851.
Сверкунов.	4593.
Свиненко Н.	870, 1493, 7405, 8425, 8426, 8481.
Сонов К.	8497, 8500.
Серегин М.	692-а, 3779, 6465, 8046, 8525, 10438.
Сетон-Томпсон Э.	8565, 8567, 8569, 8594, 8601, 8607, 8612, 8616.
Сигорский В.	1933, 1975-а.
Силкин Б.	4620, 5669, 6295, 6617, 8608, 9915 10772.
Симаков И. В.	3482, 3487, 3488.
Симанович-Ефимова Н.	3450, 6856, 7106, 8642, 10469.
Синезубов Н.	2299, 2509, 3091, 3095, 5271, 6843, 7774, 8633, 8634, 8913, 10177, 10208, 10209, 10270.
Синякова М.	111, 507, 510, 512, 6697, 7111, 7143, 7146, 7283, 8323, 8570, 8659, 8662 9195, 9654, 9720, 9787, 10339, 10814.
Сипин И.	7261.
Скалдин Ю. Д.	481, 1508, 6816, 729 , 7295, 7302, 7303, 7306, 7308, 7328, 8269, 8273, 8451.
Скуляри М.	1398.
Славуцкая Л.	2668.
Смехов Л.	2154, 2155, 5577.
Смирнов Б.	746, 8744, 8746, 8747, 8748, 8750, 8752, 8754, 8759, 8761, 8762, 8763, 8765, 8766, 8768, 8770, 8772, 8775, 8776, 8777, 8780, 8781, 8782, 8783, 8785, 8786, 8788, 8792, 8831, 8832, 8834, 8835.
Смирнов В.	5744.
Смирнов Н.	8796, 10204.
Сморгонский А.	10033.
Смородкин M.	1822.
Снопков.	505.
Соболев Д.	8880.
Соболев П.	2674, 3430, 6791, 6851.
Соборова А.	739, 1206, 1520, 1660, 2290, 3580, 3592, 3596, 3612, 3632, 3662, 3786, 4066, 4417, 4421, 4423, .4425, 4429, 4432, 4792, 5274, 5471, 5474, 5477, 5563, 5966, 5968, 5970, 5973, 5977, 5978, 5979, 5982, 6599, 6614, 6699, 8644, 8884, 8885, 8886, 8887, 8888, 8889, 8934, 8955, 8967, 8971, 9685, 9686, 9698, 9702, 9806, 9810, 9813, 10734, 10864.
Соколов А.	8699.
Соколов К.	5231.
Соколов М. Г.	1569, 4029, 6681, 7140.
Соколов П.	934, 1200, 1262, 2797, 10400, 10414.
Соколов С.	10842.
Соколов-Аси.	23, 1195, 1672, 1706, 1788, 1901, 2097, 2752, 4762, 5137, 5495, 5748, 5751, 5795, 5799, 6013, 6368, 6371, 6475, 7278, 7795, 8029, 8388, 8491, 8495, 8895, 9030, 9254, 9579, 10544.
Соловейчик А.	9027.
Соловьев А.	2426, 6649, 8417, 8523.
Соломонов М.	1054, 2263, 5525, 9286.
Соминская Е.	8978.
Сосфенов И.	7630.
Софьин П.	8498, 8499.
Спандиков.	4065.
Спановская А.	9060.
Спасский В. В.	615, 616, 1668, 1902, 2157, 3583, 3656, 3682, 3683, 4876, 5498, 7872, 8991, 8992 9035, 9256, 9677, 9680, 9707, 10524.
Спасский К.	320, 1670, 2758, 7034, 7052, 9483, 9490, 9491, 9492, 10082.
Староносов П.	109, 1113, 1306, 1343, 1544, 2003, 2115, 2517, 2541, 2605, 3012, 3420, 3438, 3462 4017, 4442, 4516, 4531, 4553, 4569, 4572, 4867 4925, 4741, 5329, 5596, 5762, 5876, 6572, 6786 6790, 7873, 8454, 8509, 8521, 8799, 8823, 9174* 9312, 9644, 10440, 10871.
Стахеева А.	9044.
Степанов А.	1931, 5864.
Стерлигов В.	3143, 9073, 9074.
Столль А.	2460, 6153.
Страхов.	6469.
Строев П.	283, 287.
Суворов А.	2491, 3785, 3861, 3862, 3864, 5041, 6221, 6596, 6935, 7133, 8907, 9119.
Суворов Б.	3604.
Суворов Ф.	6004, 9063.
Судомора О.	4583.
Сундерлянд И.	1804, 3756, 6160, 9068, 10574.
Сутеев В.	1099, 5262, 7701, 7785, 9696.
Суханов Б.	747-а, 3548, 4504, 5663, 6348, 6806, 6986, 7523, 7547, 8258, 10446, 10799.
Сушкевич Е.	4555, 4631.
Сырнев Ю.	1484, 1740, 4635, 9617, 10497.
Сычев Л.	1964, 5402.
Талепоровский В.	7145, 8876.
Тамби В.	1055, 1056, 1202, 2141, 3223, 8311, 9175, 9176, 9177, 9178, 9179, 9180, 9181, 9182.
Тарханов М.	123, 2501.
Татаринов Б.	6139, 6142.
Татлин В.	9981.
Твардовский В.	46, 57, 72, 378, 396, 405, 1193, 1234, 2592, 6209, 3866, 4243, 5450, 7290, 7335, 7336, 8150, 9289, 9877, 10291, 10295, 10378.
Тевяшева Л.	7953, 9059, 10186.
Тезейкин Н.	542.
Тим П.	6839.
Тиморев В.	952, 991, 5175.
Титаренко Ж.	9351, 9397, 10777.
Титов Б. Б.	796, 7100.
Титов Я.	3492, 3661.
Тихвинский Е.	5045.
Тихомиров Ф.	5061, 5117, 8452, 10742.
Тихонов Н.	10212.
Толкачев З.	1071.
Том Я.	2646, 6443, 7858, 8360, 8949, 9111.
Томашевский К.	7879, 9974.
Томсон Р.	10725.
Топиков А.	21, 620, 1049, 1545, 1552, 1780, 2673, 2741, 2830, 3098, 3100, 3436, 3865, 3961, 4410, 4427, 4743, 4750, 5121, 5851, 5890, 6023, 6029, 6030, 6574 6589, 6641, 6645, 6652, 6996, 7094, 7420, 7759, 7760, 7761, 7763, 7764, 8134, 8249, 8546, 9025, 9066, 9161, 9421, 9422, 9423, 9424, 9425, 9426, 9814, 10042, 10229.
Торверт.	9925.
Травин Н.	2036, 3759.
Третьяков В.	7766, 10264.
Тронов В.	404, 1913, 2619, 6066, 7068, 7681, 7684, 8151, 9278, 9280, 9292.
Трошин Н.	2655, 2657, 2659, 2661, 5158, 9097, 9463, 9464, 9465, 9466.
Трояновская А. А.	4063.
Туганов Г.	194, 1531, 1537, 5487, 6742, 7756, 8190, 8336, 8342, 8629, 10423.
Турова Е.	1526, 1539, 3163.
Тырса Н.	824, 934, 937, 979, 1004, 1011, 2445, 3227, 3232, 3234, 3239, 3244, 3246, 3249, 3254, 3257, 3268, 3271, 3275, 3283, 3297, 3302, 3306, 3941, 3946, 4587, 6150, 6077, 7222,-8549, 9315, 9319, 9320, 9333, 9334, 10646.
Тэнниэль Д.	4230.
Ульянов Н.	147.
Успенский А.	1741, 1802, 2035-а, 3715, 4347, 6966, 8428.
Усова Н. А.	10108, 10116.
Усто-Мумин.	9451, 9633, 9634.
Уханов Б.	3799, 9163.
Ушаков А.	1982, 1983, 1984.
Ушакова Н.	709, 1505, 1567, 1982, 1984, 2064, 2528, 2736, 2916, 3192, 3542, 3543, 3547, 3601, 3622, 4132, 4133, 4134, 4135, 4434, 5756, 6161, 6270, 6287, 6309, 6316, 6320, 6842, 7109, 7421, 7425, 7952, 8149, 8931, 8951, 9718, 9747, 9781, 9794, 10579.
Ушаков. Поскочин М.	5042, 8153.
Ушин А.	1271, 2123, 3238, 4354, 7447, 7457, 10012.
Ушин Н.	7036, 7042.
Фаворская М.	6300, 6312, 10744.
Фаворский В. А.	8358, 10480.
Файдыш П.	3974, 4863.
Фандерфлит Н.	331, 1125, 2954, 7922, 8296, 9407.
Федорова.	10683.
Федотов И.	8534.
Федотов С.	7942.
Федулов А.	8873, 9064, 9102, 9804, 9805, 10836.
Фейнберг Л. Е.	468, 469, 470, 711, 751, 832, 1006, 2392, 3089, 4023, 5598, 5946, 6396, 7023, 7459, 7551, 7892, 8418, 8939, 9100, 9473, 9778, 9829, 9830, 9831, 9832, 10564, 10845.
Филиппович М.	877, 10900.
Филипповский М.	2114, 9885.
Фионин Г.	2640.
Фирсов В.	1430.
Фитингоф Г.	2471, 5232, 5466, 7376, 8152, 9960.
Фич-Перкинс Л.	9855, 9857, 9860, 9866, 9869, 9872.
Фишер Г.	8801.
Фогт Н.	383, 392, 426, 2199, 2200, 2734, 9671, 9951.
Фомичев.	2138.
Фонвизин А.	1481, 1905, 3094, 4129, 5157, 5287, 8171, 9357.
Формозов А. Н.	936, 939, 958, 1022, 2235, 7540, 7837, 9902, 9904, 9906, 9907.
Фрадкина Е.	84, 1559, 2505, 2542, 3402, 3408, 7620, 10805.
Француз И.	116, 537, 538, 675, 687, 689, 706, 1339, 1340, 1341, 1929, 2027, 2819, 3614, 3794, 4486, 6003, 6308, 6342, 6596, 9213, 9314, 9746, 9912, 9994, 10570.
Фрейберг П. Ф.	686, 9172.
Фрейхольд К.	9932.
Фридберг К.	217, 218, 219, 223, 236, 245, 257, 258, 264, 267, 272, 273, 275, 3060, 4094, 9565.
Фридберг-Арманд К.	2493, 4345, 5803.
Фридман.	1434.
Фролов А. В.	653.
Хавкина Н.	9098, 9964.
Харибин Е.	8269.
Хвостов А.	6506.
Херумян Р.	7888.
Хигер Е.	1805, 2617, 2632, 2955, 3051, 3076, 6977, 7676, 7678, 7679, 7688, 8552, 9694, 9739, 9953, 10001, 10002, 10003, 10004, 10005, 10205, 10696.
Ходасевич В.	3134, 8667.
Хомзе Е.	2529, 2689, 4452, 10039, 10040.
Хржановский Ю.	6364, 7662.
Храпковский М.	1419, 1562, 3755, 7063, 9688, 9809, 9818.
Храповицкий В.	2460.
Христофоров С.	2054.
Цельмер В.	3458, 5326, 8199, 10971.
Цехановский М.	3228, 3280, 3294, 3299, 3806, 3811, 3878, 6094, 6105, 6895, 7670, 8312, 100G4, 10065, 10066, 10067, 10787.
Цицковский Н. Н.	4969, 4974.
Цуппингер А.	8043.
Чапский К.	10080.
Чарос-Гуркин.	1924.
Чарушин Е.	872, 926, 1004, 1019, 1028, 5452, 8105, 8836, 8839, 9890, 10084, 10086, 10088, 10089, 10090, 10091, 10093.
Черевков M.	2829.
Черемных М.	4020.
Черкасский А.	6565.
Черкес Д.	1409.
Черкесов Ю.	1184, 2012, 3238, 7120, 10192, 10193, 10417.
Чернецов В.	6024.
Чернов-Плесский.	3591.
Чернышев Н.	1596, 5065, 6279, 7840.
Черняк С.	2885, 5184, 9623.
Чехонин С.	3134, 6062, 6404, 7602, 7659, 7689, 10293, 10300, 10303, 10348, 10350, 10355, 10360, 10384.
Чигарев М.	4529, 4565, 4621, 8285, 9095.
Чижов В.	7050.
Чикин А.	10258.
Чичаговы О. и Г.	2294, 2736, 3446, 6583, 8803, 8805, 8806, 8807, 8808, 8810, 8811, 8812, 8813, 8814, 8816, 8818, 10275.
Чугунов Г. И.	5866.
Чудинов Н.	2639, 3497, 4772, 5364, 6327, 6424, 10282.
Чуйков С.	10283.
Чупятов Л.	1122, 3253, 9316.
Шабанов И.	1495, 5754, 5998, 10850.
Шамбурова.	10472.
Шапошникова Е. М.	6514, 6515, 6516, 6517.
Шварц Б. В.	1791.
Шебуневич Н.	1930.
Шевченко Т.	1215, 2538, 4396, 4397, 5148, 7156, 8322, 8333, 8339, 9170, 9770, 9786, 10531.
Шевяков Г.	1927.
Шегаль Г. М.	5595, 10876.
Шемиот Б.	1739, 8945.
Шенгелидзе В.	10542.
Шервинская М.	199, 669, 1094, 1546, 1547, 1548, 1550, 1554, 1729, 1734, 1770, 2525, 2942, 3607, 3612, 4413, 4424, 6299, 6317, 6344, 8019, 8935, 8943, 10562, 10571.
Шерлаимов.	4559.
Шестопалова Е.	2008, 2389, 4998, 6868, 8510.
Шифрин Н.	1534, 1541, 2666, 4479, 6162, 8178, 9972, 10633, 10634, 10635.
Шишмарева Т.	934, 1119, 1418, 1590, 1597, 5127, 7225, 7803, 9228, 9572, 10081, 10410, 10639.
Школьник В.	7594.
Шкурдода Г.	8870.
Шмаринов Д.	1756, 2938, 2996, 3663, 4544, 6250, 6456, 6724, 7433, 8530, 8824, 9204, 10253, 10785.
Шор С.	4308, 4356, 6654, 7157, 9272, 9276, 9580, 10448.
Шохин Д.	3077.
Шпир.	10768.
Штайнер.	9379.
Штеренберг Д. П.	1147-а, 2511, 4370, 5340, 6002, 6166, 6231, 8332, 8829, 9609, 10707, 10708, 10709, 10710, 10711, 10712, 10796.
Штерн М.	871, 1121, 1914, 1916, 1917, 2856, 3330, 6262, 6427, 6836, 7226, 7748, 7806, 8718, 10418, 10499, 20713.
Штраних В.	2681, 3600, 6744.
Шульц Р.	6832.
Шухмин М.	2311.
Шуцман А.	749, 2000, 3594.
Щанкин В.	2149.
Щеглов В.	885, 2060, 3313, 3316, 3660, 4233, 5281, 5652, 5719, 8033, 8034, 9590, 9821, 10904.
Щелоков В.	1153, 9460.
Щербаков А.	114, 307, 1709, 1995, 1996, 3432, 4920, 6703, 6800, 6886, 7357, 7607, 8090, 8476, 8944, 9274, 9941, 10180, 10420, 10914.
Эбериль И.	7665.
Эберман М.	4540, 5222, 5956.
Эвенбах Е.	934, 1491, 1502, 2625, .3308, 3831, 3834, 4349, 6354, 9987, 10492, 10506, 10762, 10763, 10764.
Эльский В.	5123.
Эндер Б.	5990.
Эндриксон Е.	1758, 3202, 4887, 5038, 6711, 7252, 10421.
Эрбштейн А.	5305, 5333, 9675.
Эттель В.	1925, 
Юдин Л.	1486, 5463.
Юнгер А.	10063.
Юргенсон В.	8094.
Юрченко М.	569.
Ющенко К.	7680, 7928.
Якобсон А.	5468, 6770, 7391, 10637, 10905.
Яковлев М.	3035, 4960, 6418, 9435, 10047.
Яковлев С. И.	487, 8864, 10936.
Ямбо (Энрико Новелли.).	10950.
Яницкий К.	5071.
Янов А.	1253.
Яновский В.	2209.
Янг И.	3610, 7597, 7599.
Янцын М.	1259, 9350.
Ярушко Н.	7526, 8058.
Ястребов.	602, 10009.
